0 0 0 11 0 23 0 0 0 22 0 54 6 1 12 1474 52 3721 9 1 22 8628 51 23385
9 2 15 2752 174 4928 14 3 28 13312 2061 30183 2 0 5 445 0 1389 3 0 8 2598 0 8640
2 0 6 196 20 394 4 0 11 3949 0 11784 2 0 5 396 0 1142 4 0 15 4324 0 18656
2 0 7 157 0 473 7 0 20 8569 0 25690 3 0 6 873 0 1613 7 1 16 6418 45 19282
4 4 4 1577 459 1998 7 1 10 4231 80 8638 3 1 5 821 93 1445 9 1 27 9978 54 33875
3 0 6 253 0 473 13 0 37 15544 25 46470 4 2 6 1073 208 1663 10 1 27 10897 76 34509
3 2 4 1639 406 2128 4 1 5 1641 94 2271 3 2 4 973 90 1660 5 1 9 4354 147 11061
3 1 5 717 70 1052 5 1 11 4726 120 13712 2 1 2 487 60 846 4 1 7 3431 91 8779
1 1 1 188 60 269 4 1 7 3102 91 7574 10 5 17 2298 688 4080 22 4 56 21994 1307 68311
5 5 4 1535 661 2427 7 4 9 6299 483 10942 12 5 19 2826 706 4285 38 4 89 39641 2653 102868
20 9 24 3981 1587 5190 72 13 116 76325 5317 135762 4 1 10 1341 40 2537 19 1 73 19847 80 81643
2 1 2 1344 40 2591 1 1 1 540 130 964 2 0 3 937 0 1998 2 0 4 707 20 2313
0 0 1 276 0 774 0 0 0 17 0 35 11 2 20 1432 122 2035 132 1 335 165723 54 428575
10 6 16 2114 1532 2458 42 12 89 46913 5962 110280 11 1 20 1751 80 3251 135 0 334 170044 34 427404
12 0 24 738 0 1151 223 0 448 284524 0 571808 7 2 12 5688 90 14677 13 2 20 11174 250 24334
8 2 13 6678 106 15556 11 2 22 10780 250 28256 11 7 13 6808 380 15010 21 14 23 16706 3148 24483
14 10 12 8038 700 14464 32 21 27 26056 10080 28917 7 5 8 3478 552 7031 17 5 23 14304 1773 23052
5 4 5 3170 380 6868 12 5 15 11249 1526 17560 14 6 25 6196 1091 14642 18 4 32 10789 1725 21503
22 6 33 8651 2170 19211 27 7 42 15010 5966 26774 14 6 25 6173 2365 13982 19 6 32 11053 1725 21744
4 2 5 2450 426 3399 5 3 6 1920 744 3579 11 5 23 8560 1766 25802 13 7 15 9562 2033 14653
6 8 3 2457 1872 1973 14 13 12 12288 8048 14708 9 2 23 7216 261 26041 10 2 15 6255 196 11953
16 4 31 13624 1614 35659 15 5 18 8271 2296 14182 2 0 5 515 0 1093 2 0 7 809 0 3420
0 0 1 115 0 212 0 0 0 0 0 0 0 0 1 225 0 766 0 0 0 15 0 41
0 0 1 369 0 1044 0 0 0 24 0 53 1 0 5 1624 0 7015 0 0 3 43 0 133
0 0 0 4 0 12 0 0 0 6 0 20 1 0 5 1618 0 7017 1 0 3 66 0 182
3 0 7 3236 20 9656 2 0 4 133 0 240 0 0 2 491 0 2038 0 0 1 62 0 144
0 0 0 30 0 43 0 0 0 35 0 70 1 0 2 903 20 2614 1 0 2 127 0 288
2 0 3 1772 20 3486 2 0 2 214 0 383 2 0 4 937 20 2106 4 0 8 2822 30 7406
0 0 0 8 0 17 0 0 0 12 0 25 4 4 4 1821 579 3524 7 3 10 4501 242 8706
6 7 4 1477 984 1654 12 9 11 8270 2204 10972 2 1 3 1500 56 3489 4 0 7 1795 20 5489
3 2 4 2554 454 4640 3 1 4 743 80 1674 0 0 0 201 0 842 0 0 0 24 0 53
0 0 0 8 0 16 0 0 0 32 0 65 0 0 0 47 0 160 0 0 1 47 0 118
0 0 0 82 0 220 0 0 0 28 0 65 0 0 1 289 0 1041 0 0 1 85 0 186
0 0 0 8 0 24 0 0 1 49 0 149 0 0 1 246 0 1038 0 0 1 75 0 193
0 0 1 492 0 1427 1 0 1 150 0 251 0 0 0 4 0 12 0 0 0 34 0 124
0 0 0 4 0 12 0 0 0 12 0 38 0 0 0 63 0 226 0 0 0 64 0 223
0 0 0 15 0 34 0 0 0 13 0 39 0 0 0 61 0 226 0 0 0 57 0 223
0 0 0 108 0 311 0 0 0 102 0 306 0 0 1 142 0 582 0 0 0 41 0 108
0 0 0 4 0 14 0 0 0 0 0 0 0 0 1 148 0 581 0 0 0 49 0 107
1 0 1 291 20 796 1 1 0 98 50 134 0 0 0 8 0 20 0 0 0 21 0 61
0 0 0 4 0 12 0 0 0 27 0 81 0 0 0 4 0 12 0 0 0 17 0 60
0 0 0 0 0 0 0 0 0 0 0 0 0 0 2 181 0 544 0 0 1 81 0 203
1 0 2 134 0 344 0 0 1 96 0 207 3 0 5 670 0 1107 4 0 10 3628 0 11715
4 1 6 590 46 882 6 0 12 5520 26 15636 19 9 19 1999 1851 2240 271 19 477 343336 11003 617380
19 9 20 1773 2060 1684 361 14 494 461580 8232 637874 29 26 20 2402 2060 2330 528 247 543 674361 301316 703355
