1 40 1 182
0 0 0 0
0 0 0 0
0 0 0 0
0 0 0 0
0 0 0 0
1 72 1 40
0 0 0 0
0 0 0 0
0 0 0 0
0 0 0 0
0 0 0 0
28 16128 17 8324
48 4216 97 103180
4 240 8 9137
0 0 1 52
4 471 4 3919
0 0 1 51
13 6358 15 8254
1 109 3 204
1 40 0 0
0 0 0 0
1 491 1 56
21 1300 38 39302
1 65 1 53
1 66 1 82
0 0 0 0
0 0 0 0
0 0 0 0
0 0 0 0
0 0 0 0
0 0 0 0
0 0 0 0
0 0 0 0
0 0 0 0
0 0 0 0
26 1578 69 85642
0 0 1 53
0 0 0 0
0 0 0 0
0 0 0 0
0 0 0 0
0 0 0 0
7 5012 1 40
8 1269 9 671
10 4883 9 3439
12 790 36 28771
0 0 1 52
7 3691 2 108
2 129 12 9235
2 126 5 305
0 0 1 51
0 0 0 0
0 0 0 0
0 0 0 0
5 952 1 57
23 1400 125 154955
1 60 1 76
0 0 0 0
0 0 0 0
0 0 0 0
0 0 0 0
2 526 0 0
2 130 5 2439
4 3746 1 77
3 1446 2 112
13 6367 16 6753
5 287 7 2457
0 0 0 0
10 3895 9 4577
19 1126 40 45861
3 1427 3 410
2 100 2 183
0 0 0 0
0 0 0 0
0 0 0 0
3 993 4 199
1 40 0 0
1 40 1 553
4 3452 1 57
3 185 24 25488
0 0 0 0
0 0 1 262
1 40 1 80
2 80 1 91
5 864 3 477
3 512 1 92
3 166 11 4476
1 40 1 54
0 0 0 0
0 0 0 0
6 2022 4 414
7 928 10 3291
0 0 0 0
9 395 28 33102
13 8315 5 552
0 0 1 40
9 936 22 21764
5 2719 4 3670
1 40 3 160
1 40 4 3774
62 16859 70 46597
59 7670 259 314928
9 1196 12 2063
10 3275 8 4437
50 8283 339 375564
9 1979 15 6198
8 477 14 9696
1 40 0 0
0 0 0 0
0 0 0 0
6 4655 4 3244
1 40 1 68
0 0 2 80
0 0 0 0
0 0 1 287
8 7938 4 239
4 734 3 1226
1 40 1 181
1 40 2 80
0 0 0 0
0 0 0 0
0 0 1 93
3 2596 0 0
0 0 0 0
0 0 1 86
1 40 0 0
0 0 0 0
0 0 0 0
2 124 0 0
10 4303 10 1260
0 0 0 0
11 2935 18 10665
0 0 1 40
0 0 0 0
2 2556 0 0
3 120 15 12773
9 2745 24 17918
11 508 46 51861
57 7980 308 374616
74 2992 1217 1548452
45 1800 1012 1296722
2 2556 0 0
0 0 0 0
0 0 1 68
1 40 0 0
0 0 0 0
0 0 0 0
0 0 0 0
0 0 0 0
13 13260 4 211
0 0 0 0
9 442 76 95265
1 40 3 3002
0 0 0 0
0 0 1 78
2 112 1 40
2 101 2 289
47 51856 18 1135
8 971 14 7784
9 360 21 7747
11 440 38 31578
9 360 52 63109
2 80 12 12414
39 45708 21 840
2 153 2 267
24 960 83 69748
34 24874 73 71311
13 4570 16 1331
5 2881 4 2215
6 2224 14 4081
0 0 0 0
8 401 41 46382
3 120 15 13790
0 0 0 0
8 4480 4 2544
21 23378 7 280
9 360 42 44544
1 40 2 365
3 704 2 509
7 2362 4 608
11 1979 27 17173
0 0 0 0
2 80 11 10933
0 0 0 0
6 5408 1 40
1 40 4 1450
106 65799 64 16574
26 7898 25 10482
63 2953 142 92845
20 6863 23 12432
6 1479 10 2045
2 104 1 833
0 0 3 132
0 0 3 2001
3 656 0 0
0 0 0 0
5 5340 5 656
2 197 1 40
10 9866 7 1064
8 4804 4 532
10 5035 18 15972
9 1755 43 47882
5 1777 11 3003
10 3503 21 13093
5 363 16 14506
1 40 3 724
0 0 0 0
8 5327 2 80
9 1967 27 27088
5 1602 8 3840
2 80 7 6674
3 1626 4 753
110 120430 44 6966
16 6842 51 48377
23 1848 34 15716
6 3600 3 217
0 0 0 0
2 212 1 176
0 0 0 0
2 311 0 0
0 0 0 0
0 0 0 0
1 77 0 0
0 0 0 0
0 0 0 0
1 77 0 0
0 0 0 0
3 689 0 0
0 0 0 0
0 0 0 0
0 0 0 0
0 0 0 0
4 3499 2 80
0 0 0 0
1 40 1 167
0 0 0 0
0 0 0 0
1 157 0 0
0 0 0 0
0 0 1 68
1 40 0 0
0 0 0 0
0 0 0 0
0 0 0 0
0 0 0 0
0 0 0 0
0 0 0 0
0 0 0 0
0 0 0 0
0 0 0 0
1 40 1 40
0 0 0 0
0 0 0 0
27 32205 15 600
0 0 0 0
1 40 3 624
1 40 0 0
0 0 1 68
1 40 0 0
0 0 0 0
0 0 0 0
0 0 0 0
0 0 0 0
0 0 0 0
1 113 0 0
1 40 2 199
1 40 0 0
0 0 0 0
1 109 2 151
1 40 0 0
0 0 0 0
0 0 0 0
0 0 0 0
10 9376 5 200
7 8063 7 280
3 162 7 1296
2 80 3 364
0 0 0 0
0 0 0 0
0 0 0 0
0 0 0 0
0 0 0 0
0 0 0 0
1 40 1 68
0 0 0 0
0 0 0 0
0 0 0 0
0 0 0 0
1 48 1 60
6 2360 3 276
5 1565 7 2176
7 280 33 27037
8 410 22 22664
19 5744 12 2233
8 1039 33 25010
7 2451 5 524
7 930 11 2780
0 0 0 0
0 0 0 0
13 15817 0 0
2 1230 9 1211
3 748 3 209
10 3643 15 5657
3 160 2 201
0 0 0 0
1 72 1 40
0 0 0 0
0 0 0 0
4 3874 3 120
0 0 0 0
0 0 0 0
0 0 0 0
1 40 1 160
0 0 0 0
0 0 0 0
0 0 0 0
0 0 0 0
0 0 0 0
1 40 2 165
0 0 0 0
0 0 0 0
0 0 0 0
0 0 0 0
0 0 0 0
0 0 0 0
0 0 0 0
1 40 1 68
1 40 1 215
3 741 0 0
0 0 0 0
2 80 5 499
0 0 0 0
0 0 0 0
0 0 0 0
0 0 0 0
0 0 0 0
0 0 0 0
0 0 0 0
0 0 0 0
2 115 2 695
5 4773 0 0
0 0 0 0
0 0 6 240
0 0 0 0
0 0 0 0
1 40 2 565
0 0 0 0
0 0 0 0
0 0 0 0
0 0 0 0
0 0 0 0
0 0 0 0
0 0 0 0
0 0 0 0
0 0 0 0
0 0 0 0
0 0 0 0
0 0 0 0
1 40 1 129
0 0 0 0
0 0 0 0
0 0 0 0
0 0 0 0
0 0 0 0
1 113 0 0
0 0 1 131
1 40 0 0
0 0 0 0
0 0 0 0
0 0 0 0
3 1042 3 1022
1 40 0 0
0 0 0 0
0 0 0 0
0 0 0 0
0 0 0 0
0 0 0 0
0 0 0 0
0 0 0 0
0 0 0 0
0 0 0 0
0 0 0 0
0 0 0 0
0 0 0 0
0 0 0 0
0 0 0 0
0 0 0 0
0 0 0 0
1 48 0 0
0 0 1 60
6 2679 2 469
0 0 3 159
1 40 0 0
1 75 1 141
0 0 0 0
0 0 1 40
0 0 0 0
1 83 1 40
1 40 1 80
0 0 0 0
0 0 0 0
0 0 0 0
0 0 0 0
0 0 0 0
0 0 0 0
0 0 0 0
0 0 0 0
0 0 0 0
1 40 1 273
0 0 0 0
0 0 0 0
0 0 0 0
0 0 0 0
0 0 0 0
0 0 0 0
0 0 0 0
0 0 0 0
0 0 0 0
0 0 0 0
0 0 0 0
0 0 0 0
1 40 1 68
0 0 0 0
0 0 0 0
0 0 0 0
0 0 0 0
0 0 0 0
1 141 1 211
9 1161 4 689
6 2286 7 659
0 0 0 0
0 0 0 0
0 0 0 0
0 0 0 0
0 0 0 0
23 920 42 52408
2 92 1 52
7 2253 4 550
7 357 9 1533
13 4006 26 16058
0 0 0 0
0 0 0 0
0 0 0 0
6 2196 3 407
28 4965 297 368199
41 2405 987 1271301
53 2120 1293 1663013
1 40 0 0
50 2000 1008 1296822
60 2400 1501 1936290
7 280 115 148262
22 5651 17 5948
48 8592 106 82868
12 1703 21 23023
1 94 0 0
24 7000 198 234434
46 2605 1035 1329893
58 2320 1314 1688810
39 1560 931 1199740
58 2320 1226 1579040
25 1000 493 634542
0 0 0 0
14 807 22 25035
2 192 0 0
33 5319 326 405948
0 0 0 0
1 40 2 80
