0 0 0 11 0 23 0 0 0 22 0 54
8 0 15 2065 0 4850 12 0 28 12068 0 30565
9 2 15 2752 174 4928 14 3 28 13312 2061 30183
4 1 6 883 87 1865 6 1 11 5189 54 11657
2 0 6 196 20 394 4 0 11 3949 0 11784
0 0 0 6 0 19 0 0 0 8 0 24
2 0 7 157 0 473 7 0 20 8569 0 25690
4 0 7 785 0 1518 8 0 20 8640 0 25667
4 4 4 1577 459 1998 7 1 10 4231 80 8638
3 1 4 961 63 1699 6 1 10 4196 80 8654
3 0 6 253 0 473 13 0 37 15544 25 46470
3 1 6 681 95 1120 13 0 37 15760 28 46403
3 2 4 1639 406 2128 4 1 5 1641 94 2271
5 3 6 1464 706 1993 7 2 11 6035 296 13460
3 1 5 717 70 1052 5 1 11 4726 120 13712
1 1 1 483 40 1030 3 1 6 2673 85 7606
1 1 1 188 60 269 4 1 7 3102 91 7574
3 3 3 492 280 609 5 2 8 4190 253 9754
5 5 4 1535 661 2427 7 4 9 6299 483 10942
16 9 22 4105 1957 5139 38 6 75 39798 3722 92756
20 9 24 3981 1587 5190 72 13 116 76325 5317 135762
7 1 14 1547 40 2654 37 1 100 39485 74 112071
2 1 2 1344 40 2591 1 1 1 540 130 964
1 0 2 1134 20 2396 1 1 1 210 86 353
0 0 1 276 0 774 0 0 0 17 0 35
2 0 4 740 0 1472 3 0 5 1205 0 3175
10 6 16 2114 1532 2458 42 12 89 46913 5962 110280
20 6 26 2125 2178 2270 262 19 437 330241 15345 559652
12 0 24 738 0 1151 223 0 448 284524 0 571808
2 0 4 1378 0 3962 8 0 22 9847 0 28486
8 2 13 6678 106 15556 11 2 22 10780 250 28256
12 8 15 9998 360 19442 18 16 15 12501 4441 19219
14 10 12 8038 700 14464 32 21 27 26056 10080 28917
9 5 10 3618 680 7232 24 14 29 20912 3148 28180
5 4 5 3170 380 6868 12 5 15 11249 1526 17560
6 5 6 3338 532 6821 9 4 13 7695 558 13467
22 6 33 8651 2170 19211 27 7 42 15010 5966 26774
23 6 33 9054 2216 19129 27 7 42 13883 2023 26912
4 2 5 2450 426 3399 5 3 6 1920 744 3579
6 6 3 3293 2640 2912 11 6 12 8224 860 14330
6 8 3 2457 1872 1973 14 13 12 12288 8048 14708
15 5 31 13827 1614 35603 16 7 17 10900 5257 14849
16 4 31 13624 1614 35659 15 5 18 8271 2296 14182
3 0 6 604 38 1134 3 0 10 1610 0 4702
0 0 1 115 0 212 0 0 0 0 0 0
0 0 1 426 0 1044 0 0 0 8 0 24
0 0 1 369 0 1044 0 0 0 24 0 53
0 0 0 23 0 47 0 0 0 23 0 51
0 0 0 4 0 12 0 0 0 6 0 20
2 0 8 3224 0 9660 1 0 4 64 0 179
3 0 7 3236 20 9656 2 0 4 133 0 240
0 0 0 12 0 18 0 0 0 69 0 186
0 0 0 30 0 43 0 0 0 35 0 70
1 1 2 971 40 2801 0 0 1 55 0 84
2 0 3 1772 20 3486 2 0 2 214 0 383
1 0 2 834 0 2410 1 0 2 200 0 386
0 0 0 8 0 17 0 0 0 12 0 25
4 3 5 1040 164 1744 7 2 10 5444 168 9787
6 7 4 1477 984 1654 12 9 11 8270 2204 10972
5 5 4 2601 984 4536 7 4 9 3559 366 7351
3 2 4 2554 454 4640 3 1 4 743 80 1674
0 0 1 398 0 1158 0 0 0 32 0 56
0 0 0 8 0 16 0 0 0 32 0 65
0 0 0 4 0 12 0 0 0 16 0 49
0 0 0 82 0 220 0 0 0 28 0 65
0 0 1 90 0 218 0 0 1 78 0 154
0 0 0 8 0 24 0 0 1 49 0 149
0 0 1 488 0 1428 0 0 1 93 0 212
0 0 1 492 0 1427 1 0 1 150 0 251
0 0 0 4 0 12 0 0 0 56 0 169
0 0 0 4 0 12 0 0 0 12 0 38
0 0 0 4 0 12 0 0 0 12 0 38
0 0 0 15 0 34 0 0 0 13 0 39
0 0 0 123 0 308 0 0 0 115 0 304
0 0 0 108 0 311 0 0 0 102 0 306
0 0 0 0 0 0 0 0 0 0 0 0
0 0 0 4 0 14 0 0 0 0 0 0
0 0 1 284 0 798 0 0 1 82 0 141
1 0 1 291 20 796 1 1 0 98 50 134
0 0 0 12 0 26 0 0 0 16 0 26
0 0 0 4 0 12 0 0 0 27 0 81
0 0 0 4 0 12 0 0 0 27 0 81
0 0 0 0 0 0 0 0 0 0 0 0
0 0 0 4 0 12 0 0 0 6 0 20
1 0 2 134 0 344 0 0 1 96 0 207
1 0 3 358 0 728 1 0 2 155 0 266
4 1 6 590 46 882 6 0 12 5520 26 15636
5 4 7 982 224 1314 8 2 13 7100 229 15821
19 9 20 1773 2060 1684 361 14 494 461580 8232 637874
32 34 19 3015 2260 2499 534 206 563 679572 258230 732091
31 31 20 3220 2360 2727 523 156 569 664926 191348 739755
26 24 21 1789 1280 1965 521 345 522 669149 434488 673354
