0 0 0 11 0 23 0 0 0 22 0 54
9 2 15 2752 174 4928 14 3 28 13312 2061 30183
2 0 6 196 20 394 4 0 11 3949 0 11784
2 0 7 157 0 473 7 0 20 8569 0 25690
4 4 4 1577 459 1998 7 1 10 4231 80 8638
3 0 6 253 0 473 13 0 37 15544 25 46470
3 2 4 1639 406 2128 4 1 5 1641 94 2271
3 1 5 717 70 1052 5 1 11 4726 120 13712
1 1 1 188 60 269 4 1 7 3102 91 7574
5 5 4 1535 661 2427 7 4 9 6299 483 10942
20 9 24 3981 1587 5190 72 13 116 76325 5317 135762
2 1 2 1344 40 2591 1 1 1 540 130 964
0 0 1 276 0 774 0 0 0 17 0 35
10 6 16 2114 1532 2458 42 12 89 46913 5962 110280
12 0 24 738 0 1151 223 0 448 284524 0 571808
8 2 13 6678 106 15556 11 2 22 10780 250 28256
14 10 12 8038 700 14464 32 21 27 26056 10080 28917
5 4 5 3170 380 6868 12 5 15 11249 1526 17560
22 6 33 8651 2170 19211 27 7 42 15010 5966 26774
4 2 5 2450 426 3399 5 3 6 1920 744 3579
6 8 3 2457 1872 1973 14 13 12 12288 8048 14708
16 4 31 13624 1614 35659 15 5 18 8271 2296 14182
0 0 1 115 0 212 0 0 0 0 0 0
0 0 1 369 0 1044 0 0 0 24 0 53
0 0 0 4 0 12 0 0 0 6 0 20
3 0 7 3236 20 9656 2 0 4 133 0 240
0 0 0 30 0 43 0 0 0 35 0 70
2 0 3 1772 20 3486 2 0 2 214 0 383
0 0 0 8 0 17 0 0 0 12 0 25
6 7 4 1477 984 1654 12 9 11 8270 2204 10972
3 2 4 2554 454 4640 3 1 4 743 80 1674
0 0 0 8 0 16 0 0 0 32 0 65
0 0 0 82 0 220 0 0 0 28 0 65
0 0 0 8 0 24 0 0 1 49 0 149
0 0 1 492 0 1427 1 0 1 150 0 251
0 0 0 4 0 12 0 0 0 12 0 38
0 0 0 15 0 34 0 0 0 13 0 39
0 0 0 108 0 311 0 0 0 102 0 306
0 0 0 4 0 14 0 0 0 0 0 0
1 0 1 291 20 796 1 1 0 98 50 134
0 0 0 4 0 12 0 0 0 27 0 81
0 0 0 0 0 0 0 0 0 0 0 0
1 0 2 134 0 344 0 0 1 96 0 207
4 1 6 590 46 882 6 0 12 5520 26 15636
19 9 20 1773 2060 1684 361 14 494 461580 8232 637874
31 31 20 3220 2360 2727 523 156 569 664926 191348 739755
